Webots Project File version R2021b
perspectives: 000000ff00000000fd000000030000000000000320000003b6fc0100000001fb0000001e00480074006d006c0052006f0062006f007400570069006e0064006f007700000000000000032000000000000000000000000100000124000001e8fc0200000001fb0000001400540065007800740045006400690074006f00720100000016000001e80000009100ffffff0000000300000500000000d3fc0100000001fb0000001a0043006f006e0073006f006c00650041006c006c0041006c006c0100000000000005000000005400ffffff000003d6000001e800000001000000020000000100000008fc00000000
simulationViewPerspectives: 000000ff00000001000000020000012e000005220100000006010000000100
sceneTreePerspectives: 000000ff0000000100000002000001dd000000fc0100000006010000000200
maximizedDockId: -1
centralWidgetVisible: 1
orthographicViewHeight: 1
textFiles: 0 "controllers/my_controller/Makefile"
consoles: Console:All:All
renderingDevicePerspectives: SuperBot_v3:camera_front;1;0.964844;0;0
renderingDevicePerspectives: SuperBot_v3:camera_top;1;0.964844;0;0
