Webots Project File version R2021b
perspectives: 000000ff00000000fd0000000300000000000002c5000002c1fc0100000001fb0000001e00480074006d006c0052006f0062006f007400570069006e0064006f00770000000000000002c50000000000000000000000010000014b00000268fc0200000001fb0000001400540065007800740045006400690074006f00720100000016000002680000009100ffffff000000030000050000000053fc0100000001fb0000001a0043006f006e0073006f006c00650041006c006c0041006c006c0100000000000005000000005400ffffff000003af0000026800000001000000020000000100000008fc00000000
simulationViewPerspectives: 000000ff00000001000000020000012e000005220100000006010000000100
sceneTreePerspectives: 000000ff0000000100000002000000c9000000fc0100000006010000000200
maximizedDockId: -1
centralWidgetVisible: 1
orthographicViewHeight: 1
textFiles: 0 "controllers/SuperBot_Controller_v3/SuperBot_Controller_v3.c"
consoles: Console:All:All
renderingDevicePerspectives: SuperBot_v3:camera_front;1;0.742188;0;0
renderingDevicePerspectives: SuperBot_v3:camera_top;1;0.742188;0;0.694006
